63
122
176
282
354
582
773
778
841
877
927
1079
1112
1181
1232
1336
1376
1452
1469
1659
1841
1846
1901
2064
2393
2472
2646
2767
2820
2887
2960
2975
3023
3304
3364
3665
3884
3889
3984
4066
4301
4357
4376
4413
4544
4579
4602
4717
4748
4799
4848
5085
5184
5441
5454
5707
5789
6135
6262
6353
6355
6378
6386
6406
6423
6484
6666
6744
6768
6776
6779
6796
6809
6813
6917
6955
7059
7071
7073
7291
7638
7638
7797
8008
8111
8219
8315
8444
8634
8668
8709
8725
9243
9320
9392
9421
9525
9539
9570
9665
9778
9875
9930
9975
10021
10056
10101
10286
10315
10325
10405
10408
10417
10570
10609
10667
10693
10845
11006
11256
11468
11554
11736
11780
12071
12130
12158
12163
12183
12276
12558
12639
12777
12844
13764
13813
13889
13894
13902
14159
14300
14541
14546
14575
14639
14807
14903
14950
14961
15011
15067
15123
15144
15369
15472
15485
15522
15771
15815
15870
15924
16012
16040
16119
16160
16195
16428
16629
16669
16678
16727
16842
16973
17005
17071
17110
17281
17485
17666
17913
17940
17959
17998
18139
18140
18168
18308
18403
18436
18443
18779
18855
18864
18928
19074
19083
19138
19205
19326
19370
19393
19398
19448
19464
19583
19616
19678
20146
20363
20392
20404
20417
20429
20498
20572
20794
20803
20881
20983
21077
21115
21198
21490
21659
21687
21760
21799
21974
22105
22158
22192
22209
22259
22292
22414
22488
22542
22619
22820
22833
22970
22970
23083
23172
23511
23563
23664
23680
23730
23784
24081
24234
24240
24262
24340
24580
24649
24743
24853
24867
24877
25010
25228
25511
25847
25908
26053
26081
26098
26161
26224
26230
26265
26722
26885
27142
27426
27473
27552
27620
27708
27814
27927
27984
28055
28100
28111
28173
28179
28351
28360
28420
28547
28686
28688
29140
29270
29281
29327
29357
29577
29690
29718
29986
30041
30074
30250
30384
30451
30585
30601
30817
30877
31443
31491
31496
31521
31527
31584
31809
31850
31877
32217
32220
32280
32389
32422
32748
32764
32882
32896
33043
33134
33224
33264
33542
33682
33729
33744
34063
34087
34203
34458
34459
34527
34930
35174
35342
35491
35768
35869
35927
35950
35956
35991
36060
36271
36322
36491
36554
36684
36791
36797
36859
36963
37099
37191
37210
37234
37367
37440
37460
37534
37583
37700
37753
37760
37833
37884
37963
38213
38333
38416
38423
38475
38497
38653
38785
38874
38980
39109
39618
39740
39760
40001
40080
40153
40168
40427
40571
40600
40627
40704
40712
40799
40930
40942
40975
41036
41051
41105
41185
41347
41403
41418
41703
41899
41957
42032
42127
42192
42337
42564
42567
42653
42667
42676
42827
42924
42948
43069
43103
43133
43256
43294
43544
43637
43680
43881
44095
44098
44166
44215
44220
44291
44296
44485
44498
44545
44691
44829
44925
44947
44980
45109
45176
45212
45434
45552
45570
45834
45923
45939
46113
46464
46791
46981
47037
47110
47131
47193
47241
47242
47252
47409
47517
47555
47648
47844
47937
48056
48075
48313
48544
48582
48669
48737
48751
48876
48898
48991
49197
49227
49257
49289
49582
49629
49663
49717
49752
49770
49814
49859
49865
49869
50197
50229
50267
50407
50491
50632
50684
50701
50850
50914
50952
51038
51047
51153
51185
51370
51536
51564
51621
51757
51874
51903
52043
52172
52240
52265
52313
52377
52393
52403
52418
52517
52531
52740
52773
52823
52947
53053
53137
53261
53286
53301
53366
53701
53896
53998
54053
54079
54184
54474
54482
54511
54515
54557
54567
54690
54731
54783
54932
54996
55101
55183
55228
55396
55423
55598
55654
55676
55725
55788
55812
55908
55931
56052
56338
56404
56456
56509
56541
56557
56601
56617
56625
56652
56686
56936
56974
57216
57647
57800
57919
57937
58179
58617
58707
59159
59212
59285
59297
59299
59317
59401
59424
59435
59444
59689
59718
60031
60118
60168
60210
60230
60251
60299
60624
60733
60737
60752
60932
60983
61086
61125
61138
61245
61468
61476
61523
61575
61701
61741
61752
61812
61828
61883
61884
62007
62046
62053
62196
62331
62454
62552
62648
62677
62798
62954
63364
63871
63950
63974
64034
64165
64333
64489
64503
64510
64531
64683
64795
64852
65079
65174
65378
65414
65655
65822
65843
65860
66040
66049
66182
66378
66446
66497
66554
66696
66894
66909
67067
67140
67352
67366
67469
67725
67755
67809
67888
67938
68011
68037
68123
68242
68582
68594
68628
68683
68787
68861
68987
69005
69067
69307
69468
69551
69552
69598
69722
69961
69968
70008
70084
70091
70094
70152
70208
70289
70371
70474
70574
70647
71028
71054
71099
71156
71598
71702
71752
71959
71964
72000
72016
72136
72142
72178
72308
72460
72488
72784
72894
73132
73292
73548
73636
73653
73662
73811
73873
73919
73958
73962
73979
74160
74490
74788
74826
74995
75043
75231
75380
75394
75410
75730
75751
75763
76031
76051
76164
76279
76505
76512
76693
76870
76904
77099
77121
77156
77185
77442
77505
77798
78360
78437
78553
78806
78890
79000
79113
79129
79338
79344
79369
79575
79840
79996
80086
80201
80322
80418
80494
80537
80582
80804
80925
81029
81051
81133
81520
81575
81632
81646
81668
81743
81775
81856
81892
82300
82345
82492
82506
82511
82679
82713
82779
83113
83153
83201
83309
83382
83424
83639
83776
84128
84308
84450
84484
84652
84679
84709
84807
84830
85077
85121
85281
85382
85520
85538
85601
85642
85735
85891
85978
85980
86239
86362
86482
86520
86859
86947
87019
87071
87149
87389
87398
87492
87614
87662
87882
87970
88250
88280
88379
88383
88518
88522
88572
88986
89059
89096
89250
89324
89339
89613
89627
89654
89671
89826
89872
90081
90169
90185
90231
90452
90453
90526
90539
90544
90710
90797
90969
90979
91066
91113
91123
91126
91174
91208
91279
91351
91354
91385
91514
91947
91948
91997
92177
92259
92364
92475
92569
92583
92869
92913
93112
93433
93464
93489
93610
93628
93729
93763
93868
93917
93919
93928
93965
94096
94343
94358
94430
94477
94483
94528
94619
94759
94776
94782
94873
94950
94951
95029
95043
95259
95530
95642
95672
95696
95760
95900
95903
96135
96333
96340
96621
96697
96731
96816
96833
96896
96932
97075
97132
97144
97330
97526
97651
97834
97866
98052
98171
98234
98333
98378
98441
98653
98721
98754
98768
98915
99043
99224
99374
99700
99879
99918
99933
