48075
23784
8444
81029
3889
26081
33729
93112
75763
49869
17913
40930
14541
73132
74788
20417
76031
43133
52265
95259
67725
37583
84830
55228
33682
52823
354
42667
62331
62454
2393
35174
44215
79840
42924
76512
77121
927
72488
54932
14575
63
4748
38333
80322
773
60752
89059
26230
45923
64489
97651
93928
47242
45834
94483
51564
2887
69551
20983
16195
33542
49770
68011
39618
2472
28173
17959
30877
53053
91123
59285
12183
18443
76051
77442
56686
32422
70647
64531
36271
97834
39740
31527
15522
49663
24240
51536
63974
83424
44098
10325
22970
6423
2960
91208
55725
9320
36060
75410
29577
48544
64852
96135
27984
76279
21974
44829
66446
54053
88379
91514
91354
38416
40799
47555
73636
32748
42192
68861
70152
57937
20404
70289
14903
6484
71028
97866
19448
9525
89250
84484
7291
64333
82492
96816
80582
41051
40712
66497
19083
11736
44485
86947
41185
22209
72308
48751
14639
57800
28055
81133
90710
37753
47110
64795
49629
9875
55423
82300
87492
6955
49582
76164
45176
69552
37963
91948
78360
35927
33134
93919
94430
49227
13889
54184
36797
34459
81646
32764
80086
53366
20429
85642
10693
53998
32220
60624
6355
93610
60230
66696
95672
28420
31443
31584
73919
31877
46791
94343
75043
24234
22414
15067
51370
70574
38653
22158
92364
31850
84807
59159
21659
34087
97144
37700
47648
54567
75231
50952
7059
10667
27426
52773
33224
76904
40153
61812
1181
48876
87614
6917
50267
18928
98653
90452
61523
27708
75730
9539
72016
8219
17281
41703
41105
44545
29270
71054
44691
26098
24262
3884
62677
90081
97132
98441
42127
9778
35342
12639
64034
4357
68683
55598
15144
17071
88518
14159
67938
33043
69722
13894
1659
85281
9930
65655
55183
28111
60118
43294
88572
40942
58179
35991
44296
62046
92869
19464
41418
42032
19326
94358
6406
49717
19370
47241
42827
59299
49859
99879
68787
97075
50632
25847
5789
28351
89872
30041
85601
20794
9243
6262
52740
29140
93729
10845
79344
8008
31809
16119
76505
74490
50491
36554
81520
10286
6666
52531
24081
14300
91351
91947
26053
90979
56617
68242
69307
87071
6353
14950
73958
70084
1452
1469
65414
75394
17666
62552
72784
35768
60031
24853
93489
47037
81668
67888
79338
16678
76693
13902
47844
88280
17110
1376
99224
34203
81743
60299
24340
61125
81632
73811
21687
78806
20803
80494
2646
41036
43881
44291
53301
79575
12777
94950
38475
16842
23511
20881
79000
61138
21198
78437
6796
59444
96333
66894
3984
7073
48737
6776
62053
90969
86859
50684
54996
73962
89613
50407
6386
11006
95530
1846
44498
25228
99700
90185
81892
61575
32882
61701
26265
78890
69067
55788
27927
37460
57919
40975
95903
88383
6744
12130
69468
73548
42948
22542
14807
582
72460
44166
27552
65822
12163
72142
61086
60168
15123
15485
67809
7638
26224
44947
35956
54482
2820
1079
28100
47937
10101
877
79129
17998
54079
19678
91279
3023
46464
66554
71702
40571
5184
16040
94096
78553
81856
6779
30074
48582
73292
68594
88250
83382
17940
93433
19398
53137
122
22820
94619
41899
85077
84679
40080
84450
85980
75751
16669
36491
20498
52377
65860
56557
48898
62007
4066
36791
98333
20572
36963
31496
68628
16727
82511
97330
83776
2975
36859
77099
282
15815
90797
30250
8634
52313
6135
37534
67366
18864
91126
84709
90544
59435
72000
60737
68987
65174
43680
89627
43103
65079
96932
51874
60983
98234
61476
41403
49197
72178
74995
46981
95760
19074
86520
43256
94782
71598
29327
25908
30585
93868
53261
27814
85382
19205
89324
8725
39109
66182
30384
19616
92583
27142
51038
4717
85891
49257
56936
19138
2767
57216
49289
8111
48669
98721
13813
15011
65378
29281
95029
59689
98171
91113
96621
56052
62954
82506
56456
18403
70208
58617
80925
39760
50229
52418
87398
12158
89826
55396
95900
98915
34527
51621
31491
61884
32280
55908
47409
92913
94759
67067
55654
98052
30601
10609
56509
35491
61245
11780
91385
13764
64510
9421
4413
15472
3665
93917
87389
23563
90453
28360
99918
92177
99374
91066
2064
22105
97526
59718
10315
72136
79369
42653
89339
61828
99043
51185
21799
98754
74160
98378
56404
93763
94528
4301
20392
11554
6813
85538
96833
40627
61883
7638
9392
56652
5441
83153
27620
96340
64503
5085
4376
55101
32389
15771
83639
71099
83113
24649
71752
60733
52403
4848
48056
26161
7071
18140
1901
64165
87019
40600
22192
67469
44925
87149
32896
24580
27473
62196
63364
92259
38980
95696
65843
35950
3364
59212
44220
7797
93628
94951
37833
59317
29357
32217
12071
66378
52240
10408
43544
77798
77185
75380
51757
85735
82345
66909
21490
55931
45212
69005
80537
48991
53896
51903
45939
10021
22833
94873
28547
3304
20363
42337
90526
21115
71964
12276
83309
1336
37440
45570
54557
47252
72894
57647
1841
54690
79113
29690
68037
16629
6768
55676
18855
93464
35869
43637
16428
8315
71959
54783
4579
51047
4799
52517
51153
52172
56601
24867
50701
18308
6378
38497
76870
4602
14546
80201
87970
36322
87662
42676
31521
81775
17005
15369
63950
21760
96697
48313
176
56974
77156
67140
34458
44095
37884
30817
28688
53701
69961
40168
47193
98768
43069
24877
28179
91174
94477
59401
21077
45434
18139
84128
86362
63871
50914
37099
49814
5454
49865
33744
26722
61752
29718
67352
83201
37760
82779
41347
81575
62798
34930
85978
64683
37234
841
56625
70008
54515
89096
58707
28686
24743
73662
95043
96731
66040
91997
85520
86239
22970
52043
66049
12844
17485
30451
34063
52393
37191
22619
71156
4544
18168
61468
40001
93965
85121
56338
22292
778
70371
16012
37210
1112
44980
10570
55812
15870
60251
95642
5707
11256
15924
69598
42564
68123
42567
59297
50197
38874
9975
33264
19393
40427
50850
22488
47131
89671
19583
88522
92475
73873
89654
16160
23172
62648
29986
23680
87882
10405
90539
77505
52947
68582
70474
70091
49752
25511
38423
69968
88986
18436
23730
81051
11468
16973
99933
54731
61741
60210
37367
82679
90231
40704
10417
60932
12558
67755
6809
56541
80418
9665
1232
26885
47517
10056
23664
38785
46113
96896
73979
9570
25010
54511
8709
45552
38213
8668
53286
84652
14961
82713
73653
59424
86482
18779
74826
84308
92569
22259
80804
36684
41957
79996
90169
45109
54474
23083
94776
20146
70094
